1.0 0.5 0.3333333333333333 0.25 0.2 0.16666666666666666 1.0 
0.5 0.3333333333333333 0.25 0.2 0.16666666666666666 0.14285714285714285 0.0 
0.3333333333333333 0.25 0.2 0.16666666666666666 0.14285714285714285 0.125 0.0 
0.25 0.2 0.16666666666666666 0.14285714285714285 0.125 0.1111111111111111 0.0 
0.2 0.16666666666666666 0.14285714285714285 0.125 0.1111111111111111 0.1 0.0 
0.16666666666666666 0.14285714285714285 0.125 0.1111111111111111 0.1 0.09090909090909091 0.0 
Solusi SPL di atas adalah:
x1 = 36.000000000980656 
x2 = -630.0000000292673 
x3 = 3360.000000203484 
x4 = -7560.000000539232 
x5 = 7560.000000603351 
x6 = -2772.000000240222 
